58
NULL 0 Common 0
Joined 7 0,255,0,255,0,0,0,0,0,0 Latin 1 0 1 Joined	# Joined [4a 6f 69 6e 65 64 ]a
|Broken|0|1 15 0,255,0,255,0,0,0,0,0,0 Common 2 10 2 |Broken|0|1	# Broken
F 5 0,255,0,255,0,0,0,0,0,0 Latin 6 0 3 F	# F [46 ]A
a 3 0,255,0,255,0,0,0,0,0,0 Latin 39 0 4 a	# a [61 ]a
r 3 0,255,0,255,0,0,0,0,0,0 Latin 5 0 5 r	# r [72 ]a
f 3 0,255,0,255,0,0,0,0,0,0 Latin 3 0 6 f	# f [66 ]a
w 3 0,255,0,255,0,0,0,0,0,0 Latin 36 0 7 w	# w [77 ]a
y 3 0,255,0,255,0,0,0,0,0,0 Latin 8 0 8 y	# y [79 ]a
, 16 0,255,0,255,0,0,0,0,0,0 Common 9 6 9 ,	# , [2c ]p
b 3 0,255,0,255,0,0,0,0,0,0 Latin 30 0 10 b	# b [62 ]a
e 3 0,255,0,255,0,0,0,0,0,0 Latin 44 0 11 e	# e [65 ]a
h 3 0,255,0,255,0,0,0,0,0,0 Latin 12 0 12 h	# h [68 ]a
i 3 0,255,0,255,0,0,0,0,0,0 Latin 37 0 13 i	# i [69 ]a
n 3 0,255,0,255,0,0,0,0,0,0 Latin 14 0 14 n	# n [6e ]a
d 3 0,255,0,255,0,0,0,0,0,0 Latin 43 0 15 d	# d [64 ]a
t 3 0,255,0,255,0,0,0,0,0,0 Latin 32 0 16 t	# t [74 ]a
o 3 0,255,0,255,0,0,0,0,0,0 Latin 35 0 17 o	# o [6f ]a
m 3 0,255,0,255,0,0,0,0,0,0 Latin 38 0 18 m	# m [6d ]a
u 3 0,255,0,255,0,0,0,0,0,0 Latin 19 0 19 u	# u [75 ]a
s 3 0,255,0,255,0,0,0,0,0,0 Latin 28 0 20 s	# s [73 ]a
c 3 0,255,0,255,0,0,0,0,0,0 Latin 25 0 21 c	# c [63 ]a
V 5 0,255,0,255,0,0,0,0,0,0 Latin 26 0 22 V	# V [56 ]A
k 3 0,255,0,255,0,0,0,0,0,0 Latin 23 0 23 k	# k [6b ]a
l 3 0,255,0,255,0,0,0,0,0,0 Latin 33 0 24 l	# l [6c ]a
C 5 0,255,0,255,0,0,0,0,0,0 Latin 21 0 25 C	# C [43 ]A
v 3 0,255,0,255,0,0,0,0,0,0 Latin 22 0 26 v	# v [76 ]a
x 3 0,255,0,255,0,0,0,0,0,0 Latin 27 0 27 x	# x [78 ]a
S 5 0,255,0,255,0,0,0,0,0,0 Latin 20 0 28 S	# S [53 ]A
p 3 0,255,0,255,0,0,0,0,0,0 Latin 40 0 29 p	# p [70 ]a
B 5 0,255,0,255,0,0,0,0,0,0 Latin 10 0 30 B	# B [42 ]A
g 3 0,255,0,255,0,0,0,0,0,0 Latin 31 0 31 g	# g [67 ]a
T 5 0,255,0,255,0,0,0,0,0,0 Latin 16 0 32 T	# T [54 ]A
L 5 0,255,0,255,0,0,0,0,0,0 Latin 24 0 33 L	# L [4c ]A
" 16 0,255,0,255,0,0,0,0,0,0 Common 34 10 34 "	# " [22 ]p
O 5 0,255,0,255,0,0,0,0,0,0 Latin 17 0 35 O	# O [4f ]A
W 5 0,255,0,255,0,0,0,0,0,0 Latin 7 0 36 W	# W [57 ]A
I 5 0,255,0,255,0,0,0,0,0,0 Latin 13 0 37 I	# I [49 ]A
M 5 0,255,0,255,0,0,0,0,0,0 Latin 18 0 38 M	# M [4d ]A
A 5 0,255,0,255,0,0,0,0,0,0 Latin 4 0 39 A	# A [41 ]A
P 5 0,255,0,255,0,0,0,0,0,0 Latin 29 0 40 P	# P [50 ]A
q 3 0,255,0,255,0,0,0,0,0,0 Latin 46 0 41 q	# q [71 ]a
’ 16 0,255,0,255,0,0,0,0,0,0 Common 42 10 42 '	# ’ [2019 ]p
D 5 0,255,0,255,0,0,0,0,0,0 Latin 15 0 43 D	# D [44 ]A
E 5 0,255,0,255,0,0,0,0,0,0 Latin 11 0 44 E	# E [45 ]A
- 16 0,255,0,255,0,0,0,0,0,0 Common 45 3 45 -	# - [2d ]p
Q 5 0,255,0,255,0,0,0,0,0,0 Latin 41 0 46 Q	# Q [51 ]A
. 16 0,255,0,255,0,0,0,0,0,0 Common 47 6 47 .	# . [2e ]p
0 8 0,255,0,255,0,0,0,0,0,0 Common 48 2 48 0	# 0 [30 ]0
1 8 0,255,0,255,0,0,0,0,0,0 Common 49 2 49 1	# 1 [31 ]0
2 8 0,255,0,255,0,0,0,0,0,0 Common 50 2 50 2	# 2 [32 ]0
3 8 0,255,0,255,0,0,0,0,0,0 Common 51 2 51 3	# 3 [33 ]0
4 8 0,255,0,255,0,0,0,0,0,0 Common 52 2 52 4	# 4 [34 ]0
5 8 0,255,0,255,0,0,0,0,0,0 Common 53 2 53 5	# 5 [35 ]0
6 8 0,255,0,255,0,0,0,0,0,0 Common 54 2 54 6	# 6 [36 ]0
7 8 0,255,0,255,0,0,0,0,0,0 Common 55 2 55 7	# 7 [37 ]0
8 8 0,255,0,255,0,0,0,0,0,0 Common 56 2 56 8	# 8 [38 ]0
9 8 0,255,0,255,0,0,0,0,0,0 Common 57 2 57 9	# 9 [39 ]0
